0 1.000000e+00 0.000000e+00 0
1 6.627072e-06 0.000000e+00 7
2 7.082738e-06 0.000000e+00 7
3 7.410826e-06 0.000000e+00 7
4 7.098589e-06 0.000000e+00 7
5 9.176313e-06 0.000000e+00 8
6 8.113908e-06 0.000000e+00 7
7 8.211761e-06 0.000000e+00 7
8 8.498843e-06 0.000000e+00 7
9 6.849563e-06 0.000000e+00 6
10 6.936034e-06 0.000000e+00 7
11 5.811927e-06 0.000000e+00 7
12 1.000000e+00 0.000000e+00 0
13 5.764281e-06 0.000000e+00 7
14 6.766942e-06 0.000000e+00 7
15 7.071716e-06 0.000000e+00 8
16 6.849563e-06 0.000000e+00 6
17 6.731738e-06 0.000000e+00 7
18 6.930737e-06 0.000000e+00 7
19 1.000000e+00 0.000000e+00 0
20 5.465672e-06 0.000000e+00 7
21 5.837881e-06 0.000000e+00 7
22 9.659138e-06 0.000000e+00 9
23 1.072884e-05 0.000000e+00 9
24 5.817766e-06 0.000000e+00 7
25 6.345783e-06 0.000000e+00 7
26 5.519944e-06 0.000000e+00 7
27 6.197149e-06 0.000000e+00 7
28 5.479187e-06 0.000000e+00 7
29 6.309151e-06 0.000000e+00 7
30 6.548096e-06 0.000000e+00 7
31 6.844764e-06 0.000000e+00 7
32 6.543819e-06 0.000000e+00 7
33 6.372436e-06 0.000000e+00 7
34 6.446273e-06 0.000000e+00 7
35 6.440614e-06 0.000000e+00 7
36 6.339770e-06 0.000000e+00 7
37 1.000000e+00 0.000000e+00 0
38 5.996007e-06 0.000000e+00 7
39 6.386000e-06 0.000000e+00 7
40 1.159312e-05 0.000000e+00 6
41 1.165020e-05 0.000000e+00 6
42 1.135841e-05 0.000000e+00 6
43 1.045216e-05 0.000000e+00 6
44 1.017683e-05 0.000000e+00 7
45 8.145607e-06 0.000000e+00 7
46 7.644835e-06 0.000000e+00 7
47 9.592766e-06 0.000000e+00 7
