# Energy(MeV) 	mg/cm2 	cm
# Starting Energy: 70 MeV
70.000000	0.000000	0.000000
69.904067	0.015000	0.210854
69.808053	0.030000	0.421708
69.711956	0.045000	0.632562
69.615777	0.060000	0.843416
69.519516	0.075000	1.054270
69.423172	0.090000	1.265124
69.326745	0.105000	1.475978
69.230235	0.120000	1.686832
69.133642	0.135000	1.897686
69.036965	0.150000	2.108540
68.940204	0.165000	2.319394
68.843359	0.180000	2.530248
68.746431	0.195000	2.741102
68.649417	0.210000	2.951956
68.552319	0.225000	3.162810
68.455137	0.240000	3.373664
68.357869	0.255000	3.584518
68.260516	0.270000	3.795372
68.163077	0.285000	4.006226
68.065553	0.300000	4.217080
67.967942	0.315000	4.427934
67.870245	0.330000	4.638788
67.772462	0.345000	4.849642
67.674592	0.360000	5.060496
67.576636	0.375000	5.271350
67.478592	0.390000	5.482204
67.380460	0.405000	5.693058
67.282241	0.420000	5.903912
67.183935	0.435000	6.114766
67.085540	0.450000	6.325620
66.987057	0.465000	6.536474
66.888485	0.480000	6.747328
66.789824	0.495000	6.958182
66.691074	0.510000	7.169036
66.592235	0.525000	7.379890
66.493307	0.540000	7.590744
66.394289	0.555000	7.801598
66.295180	0.570000	8.012452
66.195981	0.585000	8.223306
66.096692	0.600000	8.434160
65.997312	0.615000	8.645014
65.897841	0.630000	8.855868
65.798279	0.645000	9.066722
65.698625	0.660000	9.277576
65.598879	0.675000	9.488430
65.499042	0.690000	9.699284
65.399112	0.705000	9.910138
65.299089	0.720000	10.120992
65.198974	0.735000	10.331846
65.098765	0.750000	10.542700
64.998463	0.765000	10.753554
64.898068	0.780000	10.964408
64.797579	0.795000	11.175262
64.696995	0.810000	11.386116
64.596317	0.825000	11.596970
64.495545	0.840000	11.807825
64.394677	0.855000	12.018679
64.293714	0.870000	12.229533
64.192656	0.885000	12.440387
64.091502	0.900000	12.651241
63.990252	0.915000	12.862095
63.888906	0.930000	13.072949
63.787463	0.945000	13.283803
63.685923	0.960000	13.494657
63.584286	0.975000	13.705511
63.482552	0.990000	13.916365
63.380720	1.005000	14.127219
63.278790	1.020000	14.338073
63.176762	1.035000	14.548927
63.074635	1.050000	14.759781
62.972409	1.065000	14.970635
62.870084	1.080000	15.181489
62.767660	1.095000	15.392343
62.665136	1.110000	15.603197
62.562512	1.125000	15.814051
62.459787	1.140000	16.024905
62.356962	1.155000	16.235759
62.254036	1.170000	16.446613
62.151009	1.185000	16.657467
62.047881	1.200000	16.868321
61.944650	1.215000	17.079175
61.841318	1.230000	17.290029
61.737883	1.245000	17.500883
61.634345	1.260000	17.711737
61.530704	1.275000	17.922591
61.426960	1.290000	18.133445
61.323113	1.305000	18.344299
61.219161	1.320000	18.555153
61.115105	1.335000	18.766007
61.010944	1.350000	18.976861
60.906679	1.365000	19.187715
60.802308	1.380000	19.398569
60.697832	1.395000	19.609423
60.593250	1.410000	19.820277
60.488561	1.425000	20.031131
60.383766	1.440000	20.241985
60.278865	1.455000	20.452839
60.173856	1.470000	20.663693
60.068739	1.485000	20.874547
59.963515	1.500000	21.085401
59.858182	1.515000	21.296255
59.752741	1.530000	21.507109
59.647191	1.545000	21.717963
59.541532	1.560000	21.928817
59.435763	1.575000	22.139671
59.329885	1.590000	22.350525
59.223896	1.605000	22.561379
59.117796	1.620000	22.772233
59.011586	1.635000	22.983087
58.905264	1.650000	23.193941
58.798831	1.665000	23.404795
58.692286	1.680000	23.615649
58.585628	1.695000	23.826503
58.478858	1.710000	24.037357
58.371975	1.725000	24.248211
58.264978	1.740000	24.459065
58.157867	1.755000	24.669919
58.050643	1.770000	24.880773
57.943303	1.785000	25.091627
57.835849	1.800000	25.302481
57.728280	1.815000	25.513335
57.620595	1.830000	25.724189
57.512794	1.845000	25.935043
57.404876	1.860000	26.145897
57.296842	1.875000	26.356751
57.188690	1.890000	26.567605
57.080421	1.905000	26.778459
56.972034	1.920000	26.989313
56.863529	1.935000	27.200167
56.754905	1.950000	27.411021
56.646162	1.965000	27.621875
56.537300	1.980000	27.832729
56.428317	1.995000	28.043583
56.319215	2.010000	28.254437
56.209991	2.025000	28.465291
56.100647	2.040000	28.676145
55.991181	2.055000	28.886999
55.881593	2.070000	29.097853
55.771882	2.085000	29.308707
55.662049	2.100000	29.519561
55.552093	2.115000	29.730415
55.442014	2.130000	29.941269
55.331810	2.145000	30.152123
55.221482	2.160000	30.362977
55.111029	2.175000	30.573831
55.000450	2.190000	30.784685
54.889746	2.205000	30.995539
54.778916	2.220000	31.206393
54.667960	2.235000	31.417247
54.556876	2.250000	31.628101
54.445665	2.265000	31.838955
54.334326	2.280000	32.049809
54.222859	2.295000	32.260663
54.111263	2.310000	32.471517
53.999537	2.325000	32.682371
53.887682	2.340000	32.893225
53.775697	2.355000	33.104079
53.663581	2.370000	33.314933
53.551335	2.385000	33.525787
53.438956	2.400000	33.736641
53.326446	2.415000	33.947495
53.213803	2.430000	34.158349
53.101027	2.445000	34.369203
52.988118	2.460000	34.580057
52.875075	2.475000	34.790911
52.761898	2.490000	35.001765
52.648586	2.505000	35.212619
52.535138	2.520000	35.423474
52.421555	2.535000	35.634328
52.307835	2.550000	35.845182
52.193978	2.565000	36.056036
52.079984	2.580000	36.266890
51.965853	2.595000	36.477744
51.851583	2.610000	36.688598
51.737174	2.625000	36.899452
51.622626	2.640000	37.110306
51.507938	2.655000	37.321160
51.393109	2.670000	37.532014
51.278140	2.685000	37.742868
51.163030	2.700000	37.953722
51.047777	2.715000	38.164576
50.932382	2.730000	38.375430
50.816844	2.745000	38.586284
50.701162	2.760000	38.797138
50.585336	2.775000	39.007992
50.469366	2.790000	39.218846
50.353250	2.805000	39.429700
50.236989	2.820000	39.640554
50.120581	2.835000	39.851408
50.004027	2.850000	40.062262
49.887325	2.865000	40.273116
49.770475	2.880000	40.483970
49.653477	2.895000	40.694824
49.536329	2.910000	40.905678
49.419032	2.925000	41.116532
49.301585	2.940000	41.327386
49.183987	2.955000	41.538240
49.066237	2.970000	41.749094
48.948335	2.985000	41.959948
48.830281	3.000000	42.170802
48.712073	3.015000	42.381656
48.593711	3.030000	42.592510
48.475196	3.045000	42.803364
48.356525	3.060000	43.014218
48.237698	3.075000	43.225072
48.118715	3.090000	43.435926
47.999575	3.105000	43.646780
47.880278	3.120000	43.857634
47.760822	3.135000	44.068488
47.641208	3.150000	44.279342
47.521434	3.165000	44.490196
47.401500	3.180000	44.701050
47.281405	3.195000	44.911904
47.161149	3.210000	45.122758
47.040731	3.225000	45.333612
46.920150	3.240000	45.544466
46.799405	3.255000	45.755320
46.678497	3.270000	45.966174
46.557424	3.285000	46.177028
46.436185	3.300000	46.387882
46.314780	3.315000	46.598736
46.193209	3.330000	46.809590
46.071470	3.345000	47.020444
45.949562	3.360000	47.231298
45.827486	3.375000	47.442152
45.705240	3.390000	47.653006
45.582824	3.405000	47.863860
45.460236	3.420000	48.074714
45.337477	3.435000	48.285568
45.214545	3.450000	48.496422
45.091440	3.465000	48.707276
44.968161	3.480000	48.918130
44.844708	3.495000	49.128984
44.721078	3.510000	49.339838
44.597273	3.525000	49.550692
44.473290	3.540000	49.761546
44.349129	3.555000	49.972400
44.224790	3.570000	50.183254
44.100271	3.585000	50.394108
43.975573	3.600000	50.604962
43.850693	3.615000	50.815816
43.725631	3.630000	51.026670
43.600387	3.645000	51.237524
43.474960	3.660000	51.448378
43.349348	3.675000	51.659232
43.223551	3.690000	51.870086
43.097568	3.705000	52.080940
42.971399	3.720000	52.291794
42.845042	3.735000	52.502648
42.718496	3.750000	52.713502
42.591761	3.765000	52.924356
42.464836	3.780000	53.135210
42.337720	3.795000	53.346064
42.210412	3.810000	53.556918
42.082911	3.825000	53.767772
41.955217	3.840000	53.978626
41.827328	3.855000	54.189480
41.699243	3.870000	54.400334
41.570962	3.885000	54.611188
41.442484	3.900000	54.822042
41.313807	3.915000	55.032896
41.184931	3.930000	55.243750
41.055855	3.945000	55.454604
40.926578	3.960000	55.665458
40.797099	3.975000	55.876312
40.667417	3.990000	56.087166
40.537530	4.005000	56.298020
40.407439	4.020000	56.508874
40.277141	4.035000	56.719728
40.146637	4.050000	56.930582
40.015924	4.065000	57.141436
39.885003	4.080000	57.352290
39.753871	4.095000	57.563144
39.622528	4.110000	57.773998
39.490973	4.125000	57.984852
39.359205	4.140000	58.195706
39.227222	4.155000	58.406560
39.095024	4.170000	58.617414
38.962610	4.185000	58.828269
38.829978	4.200000	59.039123
38.697127	4.215000	59.249977
38.564057	4.230000	59.460831
38.430765	4.245000	59.671685
38.297252	4.260000	59.882539
38.163515	4.275000	60.093393
38.029554	4.290000	60.304247
37.895368	4.305000	60.515101
37.760954	4.320000	60.725955
37.626313	4.335000	60.936809
37.491443	4.350000	61.147663
37.356343	4.365000	61.358517
37.221011	4.380000	61.569371
37.085446	4.395000	61.780225
36.949647	4.410000	61.991079
36.813613	4.425000	62.201933
36.677342	4.440000	62.412787
36.540834	4.455000	62.623641
36.404086	4.470000	62.834495
36.267098	4.485000	63.045349
36.129868	4.500000	63.256203
35.992396	4.515000	63.467057
35.854678	4.530000	63.677911
35.716715	4.545000	63.888765
35.578505	4.560000	64.099619
35.440046	4.575000	64.310473
35.301337	4.590000	64.521327
35.162377	4.605000	64.732181
35.023164	4.620000	64.943035
34.883697	4.635000	65.153889
34.743974	4.650000	65.364743
34.603994	4.665000	65.575597
34.463755	4.680000	65.786451
34.323256	4.695000	65.997305
34.182495	4.710000	66.208159
34.041471	4.725000	66.419013
33.900182	4.740000	66.629867
33.758627	4.755000	66.840721
33.616803	4.770000	67.051575
33.474710	4.785000	67.262429
33.332346	4.800000	67.473283
33.189709	4.815000	67.684137
33.046797	4.830000	67.894991
32.903609	4.845000	68.105845
32.760143	4.860000	68.316699
32.616398	4.875000	68.527553
32.472371	4.890000	68.738407
32.328060	4.905000	68.949261
32.183465	4.920000	69.160115
32.038583	4.935000	69.370969
31.893412	4.950000	69.581823
31.747951	4.965000	69.792677
31.602198	4.980000	70.003531
31.456150	4.995000	70.214385
31.309806	5.010000	70.425239
31.163164	5.025000	70.636093
31.016221	5.040000	70.846947
30.868977	5.055000	71.057801
30.721428	5.070000	71.268655
30.573574	5.085000	71.479509
30.425411	5.100000	71.690363
30.276937	5.115000	71.901217
30.128152	5.130000	72.112071
29.979051	5.145000	72.322925
29.829634	5.160000	72.533779
29.679897	5.175000	72.744633
29.529840	5.190000	72.955487
29.379458	5.205000	73.166341
29.228751	5.220000	73.377195
29.077716	5.235000	73.588049
28.926350	5.250000	73.798903
28.774651	5.265000	74.009757
28.622616	5.280000	74.220611
28.470243	5.295000	74.431465
28.317530	5.310000	74.642319
28.164474	5.325000	74.853173
28.011072	5.340000	75.064027
27.857322	5.355000	75.274881
27.703221	5.370000	75.485735
27.548766	5.385000	75.696589
27.393954	5.400000	75.907443
27.238784	5.415000	76.118297
27.083251	5.430000	76.329151
26.927353	5.445000	76.540005
26.771087	5.460000	76.750859
26.614450	5.475000	76.961713
26.457439	5.490000	77.172567
26.300050	5.505000	77.383421
26.142282	5.520000	77.594275
25.984130	5.535000	77.805129
25.825591	5.550000	78.015983
25.666661	5.565000	78.226837
25.507339	5.580000	78.437691
25.347619	5.595000	78.648545
25.187499	5.610000	78.859399
25.026974	5.625000	79.070253
24.866042	5.640000	79.281107
24.704698	5.655000	79.491961
24.542939	5.670000	79.702815
24.380761	5.685000	79.913669
24.218160	5.700000	80.124523
24.055131	5.715000	80.335377
23.891671	5.730000	80.546231
23.727776	5.745000	80.757085
23.563441	5.760000	80.967939
23.398661	5.775000	81.178793
23.233433	5.790000	81.389647
23.067752	5.805000	81.600501
22.901613	5.820000	81.811355
22.735011	5.835000	82.022209
22.567941	5.850000	82.233064
22.400398	5.865000	82.443918
22.232378	5.880000	82.654772
22.063875	5.895000	82.865626
21.894883	5.910000	83.076480
21.725397	5.925000	83.287334
21.555411	5.940000	83.498188
21.384923	5.955000	83.709042
21.213971	5.970000	83.919896
21.042571	5.985000	84.130750
20.870721	6.000000	84.341604
20.698417	6.015000	84.552458
20.525656	6.030000	84.763312
20.352433	6.045000	84.974166
20.178747	6.060000	85.185020
20.004593	6.075000	85.395874
19.829968	6.090000	85.606728
19.654867	6.105000	85.817582
19.479289	6.120000	86.028436
19.303228	6.135000	86.239290
19.126681	6.150000	86.450144
18.949644	6.165000	86.660998
18.772114	6.180000	86.871852
18.594086	6.195000	87.082706
18.415557	6.210000	87.293560
18.236523	6.225000	87.504414
18.056979	6.240000	87.715268
17.876921	6.255000	87.926122
17.696346	6.270000	88.136976
17.515249	6.285000	88.347830
17.333626	6.300000	88.558684
17.151473	6.315000	88.769538
16.968784	6.330000	88.980392
16.785557	6.345000	89.191246
16.601785	6.360000	89.402100
16.417465	6.375000	89.612954
16.232593	6.390000	89.823808
16.047162	6.405000	90.034662
15.861170	6.420000	90.245516
15.674610	6.435000	90.456370
15.637229	6.438000	90.498541
15.599826	6.441000	90.540711
15.562400	6.444000	90.582882
15.524950	6.447000	90.625053
15.487478	6.450000	90.667224
15.449983	6.453000	90.709395
15.412464	6.456000	90.751565
15.374922	6.459000	90.793736
15.337358	6.462000	90.835907
15.299769	6.465000	90.878078
15.262158	6.468000	90.920249
15.224523	6.471000	90.962419
15.186865	6.474000	91.004590
15.149184	6.477000	91.046761
15.111479	6.480000	91.088932
15.073751	6.483000	91.131103
15.035999	6.486000	91.173273
14.998223	6.489000	91.215444
14.960424	6.492000	91.257615
14.922602	6.495000	91.299786
14.884755	6.498000	91.341957
14.846885	6.501000	91.384127
14.808992	6.504000	91.426298
14.771074	6.507000	91.468469
14.733133	6.510000	91.510640
14.695167	6.513000	91.552811
14.657178	6.516000	91.594982
14.619165	6.519000	91.637152
14.581128	6.522000	91.679323
14.543067	6.525000	91.721494
14.504981	6.528000	91.763665
14.466872	6.531000	91.805836
14.428738	6.534000	91.848006
14.390580	6.537000	91.890177
14.352398	6.540000	91.932348
14.314192	6.543000	91.974519
14.275961	6.546000	92.016690
14.237706	6.549000	92.058860
14.199427	6.552000	92.101031
14.161123	6.555000	92.143202
14.122794	6.558000	92.185373
14.084441	6.561000	92.227544
14.046064	6.564000	92.269714
14.007661	6.567000	92.311885
13.969235	6.570000	92.354056
13.930783	6.573000	92.396227
13.892307	6.576000	92.438398
13.853805	6.579000	92.480568
13.815279	6.582000	92.522739
13.776729	6.585000	92.564910
13.738153	6.588000	92.607081
13.699552	6.591000	92.649252
13.660926	6.594000	92.691422
13.622275	6.597000	92.733593
13.583599	6.600000	92.775764
13.544898	6.603000	92.817935
13.506172	6.606000	92.860106
13.467421	6.609000	92.902276
13.428644	6.612000	92.944447
13.389842	6.615000	92.986618
13.351015	6.618000	93.028789
13.312162	6.621000	93.070960
13.273284	6.624000	93.113130
13.234380	6.627000	93.155301
13.195451	6.630000	93.197472
13.156496	6.633000	93.239643
13.117516	6.636000	93.281814
13.078510	6.639000	93.323984
13.039478	6.642000	93.366155
13.000421	6.645000	93.408326
12.961338	6.648000	93.450497
12.922229	6.651000	93.492668
12.883094	6.654000	93.534838
12.843933	6.657000	93.577009
12.804747	6.660000	93.619180
12.765534	6.663000	93.661351
12.726295	6.666000	93.703522
12.687031	6.669000	93.745692
12.647740	6.672000	93.787863
12.608423	6.675000	93.830034
12.569080	6.678000	93.872205
12.529711	6.681000	93.914376
12.490315	6.684000	93.956546
12.450893	6.687000	93.998717
12.411445	6.690000	94.040888
12.371971	6.693000	94.083059
12.332470	6.696000	94.125230
12.292942	6.699000	94.167400
12.253388	6.702000	94.209571
12.213808	6.705000	94.251742
12.174201	6.708000	94.293913
12.134567	6.711000	94.336084
12.094909	6.714000	94.378254
12.055228	6.717000	94.420425
12.015527	6.720000	94.462596
11.975804	6.723000	94.504767
11.936060	6.726000	94.546938
11.896295	6.729000	94.589108
11.856509	6.732000	94.631279
11.816702	6.735000	94.673450
11.776874	6.738000	94.715621
11.737025	6.741000	94.757792
11.697156	6.744000	94.799962
11.657265	6.747000	94.842133
11.617354	6.750000	94.884304
11.577422	6.753000	94.926475
11.537470	6.756000	94.968646
11.497496	6.759000	95.010816
11.457502	6.762000	95.052987
11.417488	6.765000	95.095158
11.377453	6.768000	95.137329
11.337397	6.771000	95.179500
11.297321	6.774000	95.221670
11.257225	6.777000	95.263841
11.217108	6.780000	95.306012
11.176970	6.783000	95.348183
11.136813	6.786000	95.390354
11.096635	6.789000	95.432524
11.056437	6.792000	95.474695
11.016219	6.795000	95.516866
10.975981	6.798000	95.559037
10.935722	6.801000	95.601208
10.895444	6.804000	95.643378
10.855146	6.807000	95.685549
10.814828	6.810000	95.727720
10.774490	6.813000	95.769891
10.734132	6.816000	95.812062
10.693755	6.819000	95.854232
10.653358	6.822000	95.896403
10.612942	6.825000	95.938574
10.572506	6.828000	95.980745
10.532051	6.831000	96.022916
10.491577	6.834000	96.065086
10.451083	6.837000	96.107257
10.410570	6.840000	96.149428
10.370039	6.843000	96.191599
10.329488	6.846000	96.233770
10.288918	6.849000	96.275941
10.248330	6.852000	96.318111
10.207723	6.855000	96.360282
10.167097	6.858000	96.402453
10.126453	6.861000	96.444624
10.085791	6.864000	96.486795
10.045110	6.867000	96.528965
10.004411	6.870000	96.571136
9.963694	6.873000	96.613307
9.922960	6.876000	96.655478
9.882207	6.879000	96.697649
9.841437	6.882000	96.739819
9.800649	6.885000	96.781990
9.759844	6.888000	96.824161
9.719021	6.891000	96.866332
9.678182	6.894000	96.908503
9.637325	6.897000	96.950673
9.596452	6.900000	96.992844
9.555561	6.903000	97.035015
9.514655	6.906000	97.077186
9.473732	6.909000	97.119357
9.432792	6.912000	97.161527
9.391837	6.915000	97.203698
9.350866	6.918000	97.245869
9.309879	6.921000	97.288040
9.268876	6.924000	97.330211
9.227858	6.927000	97.372381
9.186825	6.930000	97.414552
9.145777	6.933000	97.456723
9.104714	6.936000	97.498894
9.063637	6.939000	97.541065
9.022545	6.942000	97.583235
8.981439	6.945000	97.625406
8.940319	6.948000	97.667577
8.899186	6.951000	97.709748
8.858039	6.954000	97.751919
8.816879	6.957000	97.794089
8.775706	6.960000	97.836260
8.734520	6.963000	97.878431
8.693322	6.966000	97.920602
8.652112	6.969000	97.962773
8.610889	6.972000	98.004943
8.569656	6.975000	98.047114
8.528410	6.978000	98.089285
8.487154	6.981000	98.131456
8.445887	6.984000	98.173627
8.404610	6.987000	98.215797
8.363323	6.990000	98.257968
8.322025	6.993000	98.300139
8.280719	6.996000	98.342310
8.239403	6.999000	98.384481
8.198079	7.002000	98.426651
8.156746	7.005000	98.468822
8.115405	7.008000	98.510993
8.074057	7.011000	98.553164
8.032702	7.014000	98.595335
7.991339	7.017000	98.637505
7.949971	7.020000	98.679676
7.908596	7.023000	98.721847
7.867216	7.026000	98.764018
7.825831	7.029000	98.806189
7.784441	7.032000	98.848359
7.743047	7.035000	98.890530
7.701649	7.038000	98.932701
7.660249	7.041000	98.974872
7.618845	7.044000	99.017043
7.577440	7.047000	99.059213
7.536032	7.050000	99.101384
7.494624	7.053000	99.143555
7.453216	7.056000	99.185726
7.411807	7.059000	99.227897
7.370399	7.062000	99.270067
7.328993	7.065000	99.312238
7.287588	7.068000	99.354409
7.246186	7.071000	99.396580
7.204787	7.074000	99.438751
7.163392	7.077000	99.480921
7.122002	7.080000	99.523092
7.080616	7.083000	99.565263
7.039233	7.086000	99.607434
6.997833	7.089000	99.649605
6.956411	7.092000	99.691775
6.914970	7.095000	99.733946
6.873508	7.098000	99.776117
6.832025	7.101000	99.818288
6.790522	7.104000	99.860459
6.748998	7.107000	99.902629
6.707453	7.110000	99.944800
6.665889	7.113000	99.986971
6.624306	7.116000	100.029142
6.582704	7.119000	100.071313
6.541083	7.122000	100.113483
6.499444	7.125000	100.155654
6.457788	7.128000	100.197825
6.416114	7.131000	100.239996
6.374424	7.134000	100.282167
6.332718	7.137000	100.324337
6.290996	7.140000	100.366508
6.249259	7.143000	100.408679
6.207508	7.146000	100.450850
6.165742	7.149000	100.493021
6.123964	7.152000	100.535191
6.082173	7.155000	100.577362
6.040370	7.158000	100.619533
5.998555	7.161000	100.661704
5.956730	7.164000	100.703875
5.914895	7.167000	100.746045
5.873052	7.170000	100.788216
5.831200	7.173000	100.830387
5.789340	7.176000	100.872558
5.747474	7.179000	100.914729
5.705602	7.182000	100.956900
5.663725	7.185000	100.999070
5.621844	7.188000	101.041241
5.579961	7.191000	101.083412
5.538075	7.194000	101.125583
5.496188	7.197000	101.167754
5.454302	7.200000	101.209924
5.412417	7.203000	101.252095
5.370534	7.206000	101.294266
5.328655	7.209000	101.336437
5.286780	7.212000	101.378608
5.244912	7.215000	101.420778
5.203051	7.218000	101.462949
5.161198	7.221000	101.505120
5.119356	7.224000	101.547291
5.077524	7.227000	101.589462
5.035706	7.230000	101.631632
4.993902	7.233000	101.673803
4.952114	7.236000	101.715974
4.910343	7.239000	101.758145
4.868592	7.242000	101.800316
4.826861	7.245000	101.842486
4.785153	7.248000	101.884657
4.743469	7.251000	101.926828
4.701811	7.254000	101.968999
4.660181	7.257000	102.011170
4.618581	7.260000	102.053340
4.577013	7.263000	102.095511
4.535479	7.266000	102.137682
4.493981	7.269000	102.179853
4.452521	7.272000	102.222024
4.411102	7.275000	102.264194
4.369725	7.278000	102.306365
4.328393	7.281000	102.348536
4.287108	7.284000	102.390707
4.245873	7.287000	102.432878
4.204691	7.290000	102.475048
4.163563	7.293000	102.517219
4.122492	7.296000	102.559390
4.081482	7.299000	102.601561
4.040534	7.302000	102.643732
3.999652	7.305000	102.685902
3.958838	7.308000	102.728073
3.918096	7.311000	102.770244
3.877428	7.314000	102.812415
3.836837	7.317000	102.854586
3.796326	7.320000	102.896756
3.755899	7.323000	102.938927
3.715559	7.326000	102.981098
3.675308	7.329000	103.023269
3.635151	7.332000	103.065440
3.595090	7.335000	103.107610
3.555130	7.338000	103.149781
3.515272	7.341000	103.191952
3.475522	7.344000	103.234123
3.435883	7.347000	103.276294
3.396357	7.350000	103.318464
3.356950	7.353000	103.360635
3.317663	7.356000	103.402806
3.278503	7.359000	103.444977
3.239471	7.362000	103.487148
3.200573	7.365000	103.529318
3.161811	7.368000	103.571489
3.123190	7.371000	103.613660
3.084713	7.374000	103.655831
3.046385	7.377000	103.698002
3.008210	7.380000	103.740172
2.970191	7.383000	103.782343
2.932333	7.386000	103.824514
2.894640	7.389000	103.866685
2.857115	7.392000	103.908856
2.819764	7.395000	103.951026
2.782588	7.398000	103.993197
2.745594	7.401000	104.035368
2.708785	7.404000	104.077539
2.672165	7.407000	104.119710
2.635737	7.410000	104.161880
2.599507	7.413000	104.204051
2.563477	7.416000	104.246222
2.527653	7.419000	104.288393
2.492037	7.422000	104.330564
2.456634	7.425000	104.372734
2.421448	7.428000	104.414905
2.386481	7.431000	104.457076
2.351739	7.434000	104.499247
2.317225	7.437000	104.541418
2.282942	7.440000	104.583588
2.248894	7.443000	104.625759
2.215085	7.446000	104.667930
2.181517	7.449000	104.710101
2.148194	7.452000	104.752272
2.115120	7.455000	104.794442
2.082297	7.458000	104.836613
2.049729	7.461000	104.878784
2.017419	7.464000	104.920955
1.985369	7.467000	104.963126
1.953582	7.470000	105.005296
1.922061	7.473000	105.047467
1.890808	7.476000	105.089638
1.859826	7.479000	105.131809
1.829118	7.482000	105.173980
1.798684	7.485000	105.216150
1.768528	7.488000	105.258321
1.738652	7.491000	105.300492
1.709056	7.494000	105.342663
1.679744	7.497000	105.384834
1.650715	7.500000	105.427004
1.621973	7.503000	105.469175
1.593518	7.506000	105.511346
1.565351	7.509000	105.553517
1.537474	7.512000	105.595688
1.509886	7.515000	105.637858
1.482590	7.518000	105.680029
1.455586	7.521000	105.722200
1.428874	7.524000	105.764371
1.402454	7.527000	105.806542
1.376327	7.530000	105.848713
1.350494	7.533000	105.890883
1.324953	7.536000	105.933054
1.299705	7.539000	105.975225
1.274750	7.542000	106.017396
1.250087	7.545000	106.059567
1.225716	7.548000	106.101737
1.201636	7.551000	106.143908
1.177846	7.554000	106.186079
1.154347	7.557000	106.228250
1.131136	7.560000	106.270421
1.108212	7.563000	106.312591
1.085576	7.566000	106.354762
1.063224	7.569000	106.396933
1.041157	7.572000	106.439104
1.019373	7.575000	106.481275
0.997869	7.578000	106.523445
0.976645	7.581000	106.565616
0.955699	7.584000	106.607787
0.935029	7.587000	106.649958
0.914634	7.590000	106.692129
0.894510	7.593000	106.734299
0.874658	7.596000	106.776470
0.855074	7.599000	106.818641
0.835756	7.602000	106.860812
0.816702	7.605000	106.902983
0.797910	7.608000	106.945153
0.779379	7.611000	106.987324
0.761104	7.614000	107.029495
0.743085	7.617000	107.071666
0.725319	7.620000	107.113837
0.707803	7.623000	107.156007
0.690536	7.626000	107.198178
0.673513	7.629000	107.240349
0.656734	7.632000	107.282520
0.640195	7.635000	107.324691
0.623894	7.638000	107.366861
0.607829	7.641000	107.409032
0.591996	7.644000	107.451203
0.576394	7.647000	107.493374
0.561019	7.650000	107.535545
0.545869	7.653000	107.577715
0.530941	7.656000	107.619886
0.516233	7.659000	107.662057
0.501742	7.662000	107.704228
0.487466	7.665000	107.746399
0.473401	7.668000	107.788569
0.459545	7.671000	107.830740
0.445896	7.674000	107.872911
0.432450	7.677000	107.915082
0.419204	7.680000	107.957253
0.406141	7.683000	107.999423
0.393260	7.686000	108.041594
0.380559	7.689000	108.083765
0.368040	7.692000	108.125936
0.355700	7.695000	108.168107
0.343540	7.698000	108.210277
0.331559	7.701000	108.252448
0.319757	7.704000	108.294619
0.308132	7.707000	108.336790
0.296685	7.710000	108.378961
0.285414	7.713000	108.421131
0.274318	7.716000	108.463302
0.263398	7.719000	108.505473
0.252653	7.722000	108.547644
0.242077	7.725000	108.589815
0.231665	7.728000	108.631985
0.221423	7.731000	108.674156
0.211350	7.734000	108.716327
0.201443	7.737000	108.758498
0.191703	7.740000	108.800669
0.182129	7.743000	108.842839
0.172719	7.746000	108.885010
0.163472	7.749000	108.927181
0.154388	7.752000	108.969352
0.145465	7.755000	109.011523
0.136700	7.758000	109.053693
0.128093	7.761000	109.095864
0.119641	7.764000	109.138035
0.111342	7.767000	109.180206
0.103193	7.770000	109.222377
0.095190	7.773000	109.264547
0.087330	7.776000	109.306718
0.079607	7.779000	109.348889
0.072016	7.782000	109.391060
0.064549	7.785000	109.433231
0.057198	7.788000	109.475401
0.049949	7.791000	109.517572
0.042788	7.794000	109.559743
0.035692	7.797000	109.601914
0.028631	7.800000	109.644085
0.021559	7.803000	109.686255
0.014407	7.806000	109.728426
0.007067	7.809000	109.770597
0.000000	7.812000	109.812768
